1  5
1  10
1  301
2  263
2  300
3  131
4  146
4  299
7  110
7  121
8  1
8  4
8  10
8  33
8  36
8  99
8  131
8  141
8  204
8  254
8  301
9  188
9  292
10  4
10  5
10  8
10  298
13  62
13  172
13  243
15  65
15  277
16  97
16  101
18  152
18  279
21  166
21  176
25  116
25  300
27  112
27  139
28  179
28  196
30  120
31  42
32  110
32  298
33  6
33  185
34  130
35  125
35  150
36  87
36  146
36  153
37  37
38  238
38  296
39  272
40  30
40  265
41  32
42  105
43  222
44  205
45  84
46  43
46  92
46  147
46  228
47  46
48  56
51  72
51  235
52  16
52  54
52  107
52  169
52  278
53  50
53  52
53  99
53  290
57  7
57  68
57  113
57  145
58  112
58  211
58  253
59  126
63  132
64  5
64  73
64  236
65  93
65  271
66  82
67  190
68  31
68  250
69  62
69  67
69  79
72  37
72  182
73  105
73  237
74  23
74  144
74  219
75  169
76  5
77  284
78  34
78  227
78  283
79  280
81  7
81  87
82  104
82  279
83  24
83  109
84  167
84  200
84  280
85  17
85  246
86  18
86  124
86  248
87  185
88  192
88  297
89  14
89  33
89  123
90  11
91  85
91  143
91  145
91  228
91  289
93  43
93  155
94  60
95  114
98  261
99  69
101  85
101  207
101  282
102  59
102  239
103  72
103  239
104  205
105  178
105  187
105  284
107  33
107  76
108  58
109  147
109  218
109  244
110  28
111  87
111  103
111  211
112  291
113  239
114  135
114  232
115  182
115  229
116  81
116  295
117  62
117  102
117  170
118  12
118  174
119  101
119  217
119  236
120  232
121  160
121  248
122  164
123  65
123  129
124  80
125  129
125  274
126  147
126  253
127  149
127  162
127  295
128  222
129  50
132  64
132  287
133  64
133  233
134  178
136  44
136  219
136  282
137  17
137  95
137  227
138  51
138  122
138  162
138  194
139  288
140  82
140  124
140  265
141  19
141  292
143  201
144  214
144  249
144  271
145  48
145  93
145  147
145  162
145  228
146  50
146  51
146  219
147  58
147  228
149  219
149  295
150  97
150  105
150  198
152  34
152  207
152  221
152  230
152  234
152  250
152  294
153  56
153  165
153  239
153  276
154  9
157  44
158  149
158  224
158  254
159  44
160  164
160  170
160  233
161  26
161  248
161  252
162  115
162  138
163  62
163  125
164  64
164  265
166  144
166  165
167  124
169  17
170  245
171  157
171  266
174  42
174  265
176  2
176  206
177  3
177  232
178  104
178  156
178  246
179  228
179  292
180  160
180  208
180  222
182  72
182  98
183  68
184  272
185  149
185  206
185  266
187  17
188  248
189  111
189  128
189  248
190  64
190  103
190  141
190  156
190  250
192  203
192  295
193  166
193  245
194  129
194  206
194  278
195  111
195  223
196  15
196  40
197  123
197  130
197  158
198  122
199  25
199  217
199  239
200  134
201  76
202  40
202  255
202  274
203  238
203  280
204  29
204  200
206  129
206  196
207  165
208  244
209  55
209  118
209  216
209  245
210  95
210  161
210  271
211  220
212  198
212  262
213  169
214  54
214  286
215  92
215  129
215  280
215  290
216  284
217  78
218  42
218  94
219  218
220  219
222  26
224  67
224  138
227  226
227  264
227  275
228  158
229  113
229  158
229  253
230  103
230  197
231  87
232  226
232  227
234  258
235  86
236  65
237  245
238  249
238  260
239  16
239  26
239  260
241  132
241  284
242  112
242  200
243  215
245  15
245  18
245  194
246  199
247  19
247  212
247  260
249  299
250  202
250  257
252  100
252  195
252  277
252  288
253  266
254  84
254  149
254  250
254  279
255  130
255  181
255  203
255  257
256  110
258  225
259  114
259  167
260  42
260  191
260  297
261  213
261  227
262  180
263  18
263  21
264  62
264  93
265  8
265  11
265  63
265  81
265  126
266  60
267  5
268  1
268  36
269  78
270  24
270  207
271  147
271  268
271  295
272  87
272  204
273  1
273  93
273  234
274  221
275  12
275  230
275  300
276  204
276  277
277  2
277  87
277  272
278  18
280  111
282  159
283  89
283  247
285  7
285  118
286  184
288  109
288  195
288  286
289  54
289  225
289  260
289  283
290  144
290  170
290  239
291  218
291  232
291  295
292  89
293  9
293  35
293  73
293  192
294  65
295  99
295  245
296  98
297  288